0,394
0,393
0,278
0,392
0,391
0,390
0,389
0,388
0,387
0,386
0,385
0,273
0,270
29,4
29,3
29,2
29,1
29,0
28,3
28,2
28,1
28,0
0,384
0,319
0,318
27,4
27,3
27,2
27,1
27,0
0,317
0,316
26,4
26,3
26,2
0,283
0,243
26,1
26,0
25,3
25,2
0,9
25,1
25,0
3,1
3,3
10,194
10,220
10,226
10,166
10,230
11,18
11,6
11,14
9,7
9,6
9,4
8,17
8,8
8,16
20,3
20,2
20,1
19,2
19,3
19,1
12,3
12,2
12,1
11,29
11,28
11,27
11,26
11,25
11,24
11,23
11,22
11,21
11,20
11,17
11,15
11,11
11,3
11,2
11,1
10,313
10,312
10,311
10,310
10,309
10,308
